nv 155 155 155 255
-1.0e77 155 155 155
-9999.0001 155 155 155
-9999.0001 155 155 155
-9999.0000 155 155 155
-9999.0000 0 0 0
-0.2000 0 0 0
-0.2000 0 0 0
-0.1953 0 0 0
-0.1953 6 0 15
-0.1906 6 0 15
-0.1906 12 1 30
-0.1859 12 1 30
-0.1859 17 1 45
-0.1813 17 1 45
-0.1813 23 2 60
-0.1766 23 2 60
-0.1766 29 2 75
-0.1719 29 2 75
-0.1719 35 2 90
-0.1672 35 2 90
-0.1672 41 3 105
-0.1625 41 3 105
-0.1625 46 3 120
-0.1578 46 3 120
-0.1578 52 4 135
-0.1531 52 4 135
-0.1531 58 4 150
-0.1484 58 4 150
-0.1484 64 4 165
-0.1438 64 4 165
-0.1438 70 5 180
-0.1391 70 5 180
-0.1391 73 5 192
-0.1344 73 5 192
-0.1344 69 5 194
-0.1297 69 5 194
-0.1297 65 4 197
-0.1250 65 4 197
-0.1250 61 4 200
-0.1203 61 4 200
-0.1203 57 3 202
-0.1156 57 3 202
-0.1156 53 3 205
-0.1109 53 3 205
-0.1109 49 3 208
-0.1063 49 3 208
-0.1063 45 2 210
-0.1016 45 2 210
-0.1016 41 2 213
-0.0969 41 2 213
-0.0969 37 1 215
-0.0922 37 1 215
-0.0922 33 1 218
-0.0875 33 1 218
-0.0875 29 1 220
-0.0828 29 1 220
-0.0828 25 0 223
-0.0781 25 0 223
-0.0781 22 4 225
-0.0734 22 4 225
-0.0734 21 11 226
-0.0688 21 11 226
-0.0688 19 18 227
-0.0641 19 18 227
-0.0641 18 26 228
-0.0594 18 26 228
-0.0594 17 33 229
-0.0547 17 33 229
-0.0547 15 41 230
-0.0500 15 41 230
-0.0500 14 48 231
-0.0453 14 48 231
-0.0453 12 55 232
-0.0406 12 55 232
-0.0406 11 63 233
-0.0359 11 63 233
-0.0359 10 70 234
-0.0313 10 70 234
-0.0313 8 78 235
-0.0266 8 78 235
-0.0266 7 85 236
-0.0219 7 85 236
-0.0219 5 92 237
-0.0172 5 92 237
-0.0172 5 102 233
-0.0125 5 102 233
-0.0125 5 113 227
-0.0078 5 113 227
-0.0078 5 123 221
-0.0031 5 123 221
-0.0031 4 133 215
0.0016 4 133 215
0.0016 4 144 209
0.0062 4 144 209
0.0062 4 154 203
0.0109 4 154 203
0.0109 4 165 197
0.0156 4 165 197
0.0156 4 175 191
0.0203 4 175 191
0.0203 3 185 185
0.0250 3 185 185
0.0250 3 196 179
0.0297 3 196 179
0.0297 3 206 173
0.0344 3 206 173
0.0344 3 217 167
0.0391 3 217 167
0.0391 3 227 161
0.0437 3 227 161
0.0437 3 229 148
0.0484 3 229 148
0.0484 3 231 135
0.0531 3 231 135
0.0531 3 233 123
0.0578 3 233 123
0.0578 3 235 110
0.0625 3 235 110
0.0625 4 237 98
0.0672 4 237 98
0.0672 4 239 85
0.0719 4 239 85
0.0719 4 241 72
0.0766 4 241 72
0.0766 4 243 60
0.0812 4 243 60
0.0812 4 245 47
0.0859 4 245 47
0.0859 5 247 35
0.0906 5 247 35
0.0906 5 249 22
0.0953 5 249 22
0.0953 5 251 9
0.1000 5 251 9
0.1000 7 252 0
0.1047 7 252 0
0.1047 16 253 0
0.1094 16 253 0
0.1094 24 253 0
0.1141 24 253 0
0.1141 33 253 0
0.1187 33 253 0
0.1187 42 253 0
0.1234 42 253 0
0.1234 50 254 0
0.1281 50 254 0
0.1281 59 254 0
0.1328 59 254 0
0.1328 67 254 0
0.1375 67 254 0
0.1375 76 254 0
0.1422 76 254 0
0.1422 85 254 0
0.1469 85 254 0
0.1469 93 254 0
0.1516 93 254 0
0.1516 102 255 0
0.1562 102 255 0
0.1562 110 255 0
0.1609 110 255 0
0.1609 119 255 0
0.1656 119 255 0
0.1656 129 255 0
0.1703 129 255 0
0.1703 138 255 0
0.1750 138 255 0
0.1750 148 255 1
0.1797 148 255 1
0.1797 157 255 1
0.1844 157 255 1
0.1844 166 255 1
0.1891 166 255 1
0.1891 176 255 1
0.1937 176 255 1
0.1937 185 255 2
0.1984 185 255 2
0.1984 195 255 2
0.2031 195 255 2
0.2031 204 255 2
0.2078 204 255 2
0.2078 213 255 2
0.2125 213 255 2
0.2125 223 255 2
0.2172 223 255 2
0.2172 232 255 2
0.2219 232 255 2
0.2219 235 251 2
0.2266 235 251 2
0.2266 235 246 2
0.2312 235 246 2
0.2312 235 240 2
0.2359 235 240 2
0.2359 235 235 2
0.2406 235 235 2
0.2406 235 229 2
0.2453 235 229 2
0.2453 235 224 1
0.2500 235 224 1
0.2500 235 219 1
0.2547 235 219 1
0.2547 235 213 1
0.2594 235 213 1
0.2594 235 208 1
0.2641 235 208 1
0.2641 235 202 1
0.2687 235 202 1
0.2687 235 197 0
0.2734 235 197 0
0.2734 235 192 0
0.2781 235 192 0
0.2781 235 186 0
0.2828 235 186 0
0.2828 236 185 0
0.2875 236 185 0
0.2875 237 183 0
0.2922 237 183 0
0.2922 238 181 0
0.2969 238 181 0
0.2969 239 180 0
0.3016 239 180 0
0.3016 241 178 0
0.3062 241 178 0
0.3062 242 177 0
0.3109 242 177 0
0.3109 243 175 0
0.3156 243 175 0
0.3156 244 173 0
0.3203 244 173 0
0.3203 245 172 0
0.3250 245 172 0
0.3250 247 170 0
0.3297 247 170 0
0.3297 248 169 0
0.3344 248 169 0
0.3344 249 167 0
0.3391 249 167 0
0.3391 250 165 0
0.3437 250 165 0
0.3437 250 162 1
0.3484 250 162 1
0.3484 251 158 1
0.3531 251 158 1
0.3531 251 155 2
0.3578 251 155 2
0.3578 252 151 3
0.3625 252 151 3
0.3625 252 148 3
0.3672 252 148 3
0.3672 252 144 4
0.3719 252 144 4
0.3719 253 141 4
0.3766 253 141 4
0.3766 253 138 5
0.3812 253 138 5
0.3812 254 134 6
0.3859 254 134 6
0.3859 254 131 6
0.3906 254 131 6
0.3906 254 128 7
0.3953 254 128 7
0.3953 255 124 7
0.4000 255 124 7
0.4000 254 120 7
0.4047 254 120 7
0.4047 253 117 7
0.4094 253 117 7
0.4094 252 113 6
0.4141 252 113 6
0.4141 251 109 6
0.4188 251 109 6
0.4188 250 105 5
0.4234 250 105 5
0.4234 248 102 4
0.4281 248 102 4
0.4281 247 98 4
0.4328 247 98 4
0.4328 246 94 3
0.4375 246 94 3
0.4375 245 90 3
0.4422 245 90 3
0.4422 244 86 2
0.4469 244 86 2
0.4469 242 82 1
0.4516 242 82 1
0.4516 241 79 1
0.4562 241 79 1
0.4562 240 75 0
0.4609 240 75 0
0.4609 240 74 1
0.4656 240 74 1
0.4656 240 74 3
0.4703 240 74 3
0.4703 240 74 5
0.4750 240 74 5
0.4750 240 74 7
0.4797 240 74 7
0.4797 241 74 9
0.4844 241 74 9
0.4844 241 74 10
0.4891 241 74 10
0.4891 241 74 12
0.4937 241 74 12
0.4937 241 74 14
0.4984 241 74 14
0.4984 241 74 16
0.5031 241 74 16
0.5031 242 74 18
0.5078 242 74 18
0.5078 242 74 19
0.5125 242 74 19
0.5125 242 74 21
0.5172 242 74 21
0.5172 242 74 23
0.5219 242 74 23
0.5219 243 71 21
0.5266 243 71 21
0.5266 243 68 19
0.5312 243 68 19
0.5312 244 66 18
0.5359 244 66 18
0.5359 245 63 16
0.5406 245 63 16
0.5406 245 60 14
0.5453 245 60 14
0.5453 246 57 12
0.5500 246 57 12
0.5500 246 54 10
0.5547 246 54 10
0.5547 247 52 9
0.5594 247 52 9
0.5594 248 49 7
0.5641 248 49 7
0.5641 248 46 5
0.5687 248 46 5
0.5687 249 43 3
0.5734 249 43 3
0.5734 249 40 1
0.5781 249 40 1
0.5781 250 38 0
0.5828 250 38 0
0.5828 249 36 0
0.5875 249 36 0
0.5875 248 34 0
0.5922 248 34 0
0.5922 247 32 1
0.5969 247 32 1
0.5969 246 31 1
0.6016 246 31 1
0.6016 245 29 1
0.6062 245 29 1
0.6062 244 27 1
0.6109 244 27 1
0.6109 243 25 1
0.6156 243 25 1
0.6156 242 23 2
0.6203 242 23 2
0.6203 241 22 2
0.6250 241 22 2
0.6250 240 20 2
0.6297 240 20 2
0.6297 239 18 2
0.6344 239 18 2
0.6344 238 16 2
0.6391 238 16 2
0.6391 236 15 2
0.6438 236 15 2
0.6438 233 14 2
0.6484 233 14 2
0.6484 230 12 2
0.6531 230 12 2
0.6531 227 11 2
0.6578 227 11 2
0.6578 223 10 2
0.6625 223 10 2
0.6625 220 9 1
0.6672 220 9 1
0.6672 217 8 1
0.6719 217 8 1
0.6719 213 6 1
0.6766 213 6 1
0.6766 210 5 1
0.6812 210 5 1
0.6812 207 4 1
0.6859 207 4 1
0.6859 204 3 0
0.6906 204 3 0
0.6906 200 2 0
0.6953 200 2 0
0.6953 197 0 0
0.7000 197 0 0
0.7000 196 1 0
0.7047 196 1 0
0.7047 197 1 1
0.7094 197 1 1
0.7094 197 2 2
0.7141 197 2 2
0.7141 197 3 2
0.7188 197 3 2
0.7188 197 4 3
0.7234 197 4 3
0.7234 198 5 3
0.7281 198 5 3
0.7281 198 5 4
0.7328 198 5 4
0.7328 198 6 5
0.7375 198 6 5
0.7375 198 7 5
0.7422 198 7 5
0.7422 198 8 6
0.7469 198 8 6
0.7469 198 9 6
0.7516 198 9 6
0.7516 199 9 7
0.7562 199 9 7
0.7562 199 10 8
0.7609 199 10 8
0.7609 198 10 8
0.7656 198 10 8
0.7656 198 9 8
0.7703 198 9 8
0.7703 198 8 9
0.7750 198 8 9
0.7750 197 8 9
0.7797 197 8 9
0.7797 197 7 10
0.7844 197 7 10
0.7844 196 7 10
0.7891 196 7 10
0.7891 196 6 10
0.7937 196 6 10
0.7937 196 5 11
0.7984 196 5 11
0.7984 195 5 11
0.8031 195 5 11
0.8031 195 4 12
0.8078 195 4 12
0.8078 194 4 12
0.8125 194 4 12
0.8125 194 3 12
0.8172 194 3 12
0.8172 193 3 13
0.8219 193 3 13
0.8219 189 3 12
0.8266 189 3 12
0.8266 184 3 11
0.8313 184 3 11
0.8313 180 3 11
0.8359 180 3 11
0.8359 176 3 10
0.8406 176 3 10
0.8406 172 4 10
0.8453 172 4 10
0.8453 168 4 9
0.8500 168 4 9
0.8500 163 4 8
0.8547 163 4 8
0.8547 159 4 8
0.8594 159 4 8
0.8594 155 4 7
0.8641 155 4 7
0.8641 151 5 7
0.8687 151 5 7
0.8687 147 5 6
0.8734 147 5 6
0.8734 142 5 5
0.8781 142 5 5
0.8781 140 5 5
0.8828 140 5 5
0.8828 140 6 6
0.8875 140 6 6
0.8875 139 6 7
0.8922 139 6 7
0.8922 139 6 7
0.8969 139 6 7
0.8969 138 7 8
0.9016 138 7 8
0.9016 138 7 8
0.9062 138 7 8
0.9062 138 8 9
0.9109 138 8 9
0.9109 137 8 10
0.9156 137 8 10
0.9156 137 8 10
0.9203 137 8 10
0.9203 136 9 11
0.9250 136 9 11
0.9250 136 9 11
0.9297 136 9 11
0.9297 136 10 12
0.9344 136 10 12
0.9344 135 10 13
0.9391 135 10 13
0.9391 135 10 12
0.9438 135 10 12
0.9438 134 9 12
0.9484 134 9 12
0.9484 134 8 12
0.9531 134 8 12
0.9531 134 7 11
0.9578 134 7 11
0.9578 133 6 11
0.9625 133 6 11
0.9625 133 6 10
0.9672 133 6 10
0.9672 132 5 10
0.9719 132 5 10
0.9719 132 4 10
0.9766 132 4 10
0.9766 132 3 9
0.9812 132 3 9
0.9812 131 2 9
0.9859 131 2 9
0.9859 131 2 8
0.9906 131 2 8
0.9906 130 1 8
0.9953 130 1 8
0.9953 130 0 8
1.0000 130 0 8
9.9999e76 130 0 8
1.0e77 155 155 155
